             o  ,    o  ,                                    SAN FRANCISCO                             Astronomical Applications Dept.
Location: E122 28, N37 48                               Civil Twilight for 2026                        U. S. Naval Observatory        
                                                                                                       Washington, DC  20392-5420     
                                                            Universal Time                                                            
                                                                                                                                      
                                                                                                                                      
       Jan.       Feb.       Mar.       Apr.       May        June       July       Aug.       Sept.      Oct.       Nov.       Dec.  
Day Begin End  Begin End  Begin End  Begin End  Begin End  Begin End  Begin End  Begin End  Begin End  Begin End  Begin End  Begin End
     h m  h m   h m  h m   h m  h m   h m  h m   h m  h m   h m  h m   h m  h m   h m  h m   h m  h m   h m  h m   h m  h m   h m  h m
01  2236 0911  2226 0941  2155 1010  2108 1039  2025 1108  1959 1137  2001 1147  2025 1128  2054 1047  2120 1000  2149 0919  2218 0900
02  2237 0912  2225 0942  2153 1011  2107 1040  2024 1109  1958 1138  2001 1147  2026 1127  2055 1045  2121 0959  2150 0918  2219 0900
03  2237 0912  2224 0943  2152 1012  2105 1041  2023 1110  1958 1138  2002 1147  2027 1126  2056 1044  2122 0957  2151 0917  2220 0900
04  2237 0913  2224 0944  2150 1012  2104 1042  2022 1111  1958 1139  2003 1147  2028 1125  2056 1042  2123 0956  2152 0916  2221 0900
05  2237 0914  2223 0945  2149 1013  2102 1043  2021 1112  1958 1140  2003 1147  2029 1124  2057 1041  2124 0954  2153 0915  2222 0900
06  2237 0915  2222 0946  2148 1014  2101 1044  2020 1113  1957 1140  2004 1146  2030 1123  2058 1039  2124 0953  2154 0914  2223 0900
07  2237 0916  2221 0947  2146 1015  2059 1045  2018 1114  1957 1141  2004 1146  2031 1122  2059 1038  2125 0951  2155 0913  2223 0900
08  2237 0917  2220 0948  2145 1016  2058 1046  2017 1115  1957 1142  2005 1146  2032 1120  2100 1036  2126 0950  2156 0912  2224 0900
09  2237 0918  2219 0949  2143 1017  2056 1047  2016 1116  1957 1142  2006 1145  2032 1119  2101 1034  2127 0948  2157 0912  2225 0900
10  2237 0918  2218 0950  2142 1018  2055 1048  2015 1117  1957 1143  2006 1145  2033 1118  2102 1033  2128 0947  2158 0911  2226 0900
11  2236 0919  2217 0951  2140 1019  2053 1049  2014 1118  1956 1143  2007 1144  2034 1117  2103 1031  2129 0945  2159 0910  2227 0900
12  2236 0920  2216 0952  2139 1020  2052 1050  2013 1119  1956 1144  2008 1144  2035 1115  2103 1030  2130 0944  2200 0909  2227 0901
13  2236 0921  2215 0953  2137 1021  2050 1051  2012 1120  1956 1144  2009 1144  2036 1114  2104 1028  2131 0942  2201 0908  2228 0901
14  2236 0922  2213 0954  2136 1022  2049 1052  2011 1121  1956 1145  2009 1143  2037 1113  2105 1027  2132 0941  2202 0908  2229 0901
15  2236 0923  2212 0955  2134 1023  2047 1053  2010 1122  1956 1145  2010 1142  2038 1111  2106 1025  2133 0940  2203 0907  2229 0901
16  2235 0924  2211 0957  2133 1024  2046 1054  2009 1123  1956 1145  2011 1142  2039 1110  2107 1023  2134 0938  2204 0906  2230 0902
17  2235 0925  2210 0958  2131 1025  2044 1055  2009 1124  1956 1146  2012 1141  2040 1109  2108 1022  2134 0937  2205 0906  2231 0902
18  2235 0926  2209 0959  2130 1026  2043 1056  2008 1125  1957 1146  2013 1141  2041 1107  2109 1020  2135 0936  2206 0905  2231 0902
19  2234 0927  2208 1000  2128 1027  2041 1056  2007 1126  1957 1146  2013 1140  2042 1106  2110 1019  2136 0934  2207 0905  2232 0903
20  2234 0928  2206 1001  2127 1028  2040 1057  2006 1127  1957 1147  2014 1139  2043 1105  2110 1017  2137 0933  2208 0904  2232 0903
21  2233 0929  2205 1002  2125 1029  2039 1058  2005 1128  1957 1147  2015 1138  2044 1103  2111 1016  2138 0932  2209 0904  2233 0904
22  2233 0930  2204 1003  2124 1030  2037 1059  2005 1129  1957 1147  2016 1138  2045 1102  2112 1014  2139 0931  2210 0903  2233 0904
23  2232 0931  2203 1004  2122 1031  2036 1100  2004 1130  1958 1147  2017 1137  2046 1100  2113 1012  2140 0929  2211 0903  2234 0905
24  2232 0932  2201 1005  2121 1032  2035 1101  2003 1130  1958 1147  2018 1136  2047 1059  2114 1011  2141 0928  2212 0902  2234 0905
25  2231 0933  2200 1006  2119 1032  2033 1102  2003 1131  1958 1147  2019 1135  2047 1057  2115 1009  2142 0927  2213 0902  2234 0906
26  2230 0934  2159 1007  2117 1033  2032 1103  2002 1132  1959 1147  2019 1134  2048 1056  2116 1008  2143 0926  2214 0902  2235 0907
27  2230 0936  2157 1008  2116 1034  2031 1104  2001 1133  1959 1148  2020 1133  2049 1054  2116 1006  2144 0925  2215 0901  2235 0907
28  2229 0937  2156 1009  2114 1035  2029 1105  2001 1134  1959 1148  2021 1132  2050 1053  2117 1005  2145 0923  2216 0901  2235 0908
29  2228 0938             2113 1036  2028 1106  2000 1135  2000 1147  2022 1131  2051 1051  2118 1003  2146 0922  2216 0901  2236 0909
30  2228 0939             2111 1037  2027 1107  2000 1135  2000 1147  2023 1130  2052 1050  2119 1002  2147 0921  2217 0901  2236 0909
31  2227 0940             2110 1038             1959 1136             2024 1129  2053 1048             2148 0920             2236 0910

Add one hour for daylight time, if and when in use.