             o  ,    o  ,                                    SAN FRANCISCO                             Astronomical Applications Dept.
Location: E122 28, N37 48                          Rise and Set for the Sun for 2026                   U. S. Naval Observatory        
                                                                                                       Washington, DC  20392-5420     
                                                            Universal Time                                                            
                                                                                                                                      
                                                                                                                                      
       Jan.       Feb.       Mar.       Apr.       May        June       July       Aug.       Sept.      Oct.       Nov.       Dec.  
Day Rise  Set  Rise  Set  Rise  Set  Rise  Set  Rise  Set  Rise  Set  Rise  Set  Rise  Set  Rise  Set  Rise  Set  Rise  Set  Rise  Set
     h m  h m   h m  h m   h m  h m   h m  h m   h m  h m   h m  h m   h m  h m   h m  h m   h m  h m   h m  h m   h m  h m   h m  h m
01  2306 0842  2254 0913  2221 0943  2135 1013  2054 1040  2030 1106  2032 1116  2054 1059  2121 1020  2146 0934  2216 0852  2247 0831
02  2306 0842  2253 0914  2219 0944  2133 1013  2053 1041  2029 1107  2033 1116  2055 1058  2121 1019  2147 0932  2217 0851  2248 0831
03  2306 0843  2252 0915  2218 0945  2132 1014  2052 1042  2029 1107  2033 1116  2056 1057  2122 1017  2148 0931  2218 0850  2249 0831
04  2306 0844  2251 0916  2217 0946  2130 1015  2050 1043  2029 1108  2034 1116  2057 1056  2123 1016  2149 0929  2219 0849  2250 0831
05  2306 0845  2250 0918  2215 0947  2129 1016  2049 1044  2028 1109  2034 1115  2057 1055  2124 1014  2150 0928  2220 0848  2251 0831
06  2306 0846  2249 0919  2214 0948  2127 1017  2048 1045  2028 1109  2035 1115  2058 1054  2125 1013  2151 0926  2221 0847  2252 0831
07  2306 0847  2248 0920  2212 0949  2126 1018  2047 1046  2028 1110  2035 1115  2059 1053  2126 1011  2152 0925  2222 0846  2253 0831
08  2306 0848  2247 0921  2211 0950  2124 1019  2046 1047  2028 1110  2036 1115  2100 1052  2127 1010  2152 0923  2223 0845  2253 0831
09  2306 0849  2246 0922  2209 0951  2123 1020  2045 1047  2028 1111  2037 1114  2101 1051  2127 1008  2153 0922  2225 0844  2254 0831
10  2305 0850  2245 0923  2208 0952  2121 1021  2044 1048  2028 1111  2037 1114  2102 1050  2128 1006  2154 0920  2226 0843  2255 0831
11  2305 0851  2244 0924  2206 0953  2120 1022  2043 1049  2028 1112  2038 1114  2103 1048  2129 1005  2155 0919  2227 0842  2256 0831
12  2305 0852  2243 0925  2205 0954  2118 1023  2042 1050  2028 1112  2039 1113  2104 1047  2130 1003  2156 0918  2228 0841  2257 0831
13  2305 0853  2241 0926  2203 0955  2117 1024  2042 1051  2028 1113  2039 1113  2104 1046  2131 1002  2157 0916  2229 0841  2257 0832
14  2304 0854  2240 0928  2202 0956  2116 1024  2041 1052  2028 1113  2040 1112  2105 1045  2132 1000  2158 0915  2230 0840  2258 0832
15  2304 0855  2239 0929  2200 0957  2114 1025  2040 1053  2028 1114  2041 1112  2106 1044  2132 0959  2159 0913  2231 0839  2259 0832
16  2304 0856  2238 0930  2159 0958  2113 1026  2039 1054  2028 1114  2041 1111  2107 1042  2133 0957  2200 0912  2232 0838  2259 0832
17  2303 0857  2237 0931  2157 0959  2111 1027  2038 1055  2028 1114  2042 1111  2108 1041  2134 0956  2201 0911  2233 0838  2300 0833
18  2303 0858  2236 0932  2156 1000  2110 1028  2037 1055  2028 1115  2043 1110  2109 1040  2135 0954  2202 0909  2234 0837  2301 0833
19  2303 0859  2234 0933  2154 1001  2109 1029  2037 1056  2028 1115  2044 1110  2110 1038  2136 0952  2203 0908  2235 0836  2301 0834
20  2302 0900  2233 0934  2153 1002  2107 1030  2036 1057  2028 1115  2044 1109  2110 1037  2137 0951  2204 0907  2236 0836  2302 0834
21  2301 0901  2232 0935  2151 1002  2106 1031  2035 1058  2029 1115  2045 1108  2111 1036  2138 0949  2205 0905  2237 0835  2302 0834
22  2301 0902  2230 0936  2150 1003  2105 1032  2035 1059  2029 1116  2046 1108  2112 1034  2138 0948  2206 0904  2238 0835  2303 0835
23  2300 0903  2229 0937  2148 1004  2104 1033  2034 1059  2029 1116  2047 1107  2113 1033  2139 0946  2207 0903  2239 0834  2303 0835
24  2300 0904  2228 0938  2147 1005  2102 1034  2033 1100  2029 1116  2047 1106  2114 1032  2140 0945  2208 0901  2240 0834  2303 0836
25  2259 0905  2226 0939  2145 1006  2101 1035  2033 1101  2030 1116  2048 1105  2115 1030  2141 0943  2209 0900  2241 0833  2304 0837
26  2258 0906  2225 0940  2144 1007  2100 1036  2032 1102  2030 1116  2049 1105  2116 1029  2142 0942  2210 0859  2242 0833  2304 0837
27  2258 0908  2224 0941  2142 1008  2059 1036  2032 1103  2030 1116  2050 1104  2116 1027  2143 0940  2211 0858  2243 0833  2305 0838
28  2257 0909  2222 0942  2141 1009  2057 1037  2031 1103  2031 1116  2051 1103  2117 1026  2144 0938  2212 0856  2244 0832  2305 0838
29  2256 0910             2139 1010  2056 1038  2031 1104  2031 1116  2052 1102  2118 1024  2144 0937  2213 0855  2245 0832  2305 0839
30  2255 0911             2138 1011  2055 1039  2030 1105  2032 1116  2052 1101  2119 1023  2145 0935  2214 0854  2246 0832  2305 0840
31  2255 0912             2136 1012             2030 1105             2053 1100  2120 1022             2215 0853             2305 0841

Add one hour for daylight time, if and when in use.